0.095476925
-0.2966065
-0.38466066
-0.3924678
-0.6845385
0.12742184
-0.24462527
-0.31538758
-0.5331033
-0.22841915
0.1622776
-0.3534902
-0.88011694
-0.263573
-0.48163363
0.905117
-0.65631133
-0.16905609
0.13079807
0.15545556
-0.53192997
0.08931212
0.93273634
-0.26642302
0.30302858
-0.048418142
0.0060332515
0.07650155
-0.26918522
-0.15416835
-0.5789556
0.2746089
-0.52867454
-0.8754265
0.44565538
-0.5747163
-0.003618807
-0.0898701
-0.632772
-0.4776477
0.20462282
-0.608324
0.24690068
0.13013162
-0.93788594
-0.39953524
0.4189354
0.21132426
0.17626636
-0.3457201
-0.6094482
-0.14192323
0.21011676
-0.17014834
-1.060477
-0.6102052
-0.3765542
-0.4328171
-0.3161504
-0.26762524
-0.07748425
-0.4351886
-0.83191574
-0.5956593
0.045308743
-0.57625765
0.21722431
0.14107196
-0.40008628
1.4709553
0.18522938
0.37598875
-0.31684366
-0.020501776
0.6321084
-0.6931876
0.0048302514
0.5790479
-0.61092937
-0.0068038804
-0.22522831
-0.19231416
-0.12312566
0.10017154
0.36286345
0.3914671
-0.40281174
0.14877473
-0.1863813
-0.035431653
0.80900484
0.5130378
0.83811325
0.42427403
0.15590979
-0.78495634
-0.24123356
-0.7207823
0.27061424
0.26868692
0.28504837
0.20377661
-0.6078283
0.1707888
0.2837074
-0.7486673
-0.4306334
0.08149769
-0.11736891
-0.11507723
-0.03526795
-0.2670738
0.35422447
0.16108878
-0.6010412
-0.4789985
0.48559725
-0.017712554
0.7529269
-0.5371777
-0.17860255
-0.3809544
-0.15000731
-0.19526546
-0.22472997
-0.5755817
0.26801354
-0.34102374
0.1630418
0.6692114
0.31188005
-0.0003590419
-0.6288518
-0.14996275
0.6918714
-0.19327696
0.09365904
0.3700945
-0.5860261
-1.1393726
-0.3134665
-1.1762347
-0.18944709
-0.034434322
-0.35644296
-0.20160794
-0.44024372
0.59034824
0.48909977
0.6676131
-0.448657
-0.3334264
0.025025869
-0.44132808
-0.0059006903
-0.44514418
-0.39676216
-0.7516908
0.39644226
-0.8880832
-0.30684182
0.34560785
0.38310465
0.22363512
-0.3245544
-0.24966343
0.034480147
-0.32694873
-0.54788584
0.30785906
0.046084296
-0.022529744
-0.5693173
0.1056923
-0.2093563
0.5541486
0.121168025
0.7019414
-0.33591047
-0.110741094
0.62326944
-0.09290042
-0.07639974
-0.35153422
0.5141366
-0.34203774
0.46306157
0.014874179
-0.047919203
-0.038689315
-0.13415062
0.3788722
-0.010612803
-0.2555385
-0.4943215
-0.47144783
0.2551193
0.07759221
-0.2990339
0.7400425
-0.20555088
0.5151111
-0.09621855
0.08054553
0.22708899
-0.14703348
0.43366435
-0.22174402
-0.6749325
-0.15361574
0.4798475
-0.52213967
-0.5110972
0.4165401
-0.09935732
-0.04826777
-0.5981264
0.34722567
-0.35583413
-0.052730136
0.36962974
0.41459537
-0.1777974
-0.16606374
0.09477824
0.38933945
0.013968839
-0.11131918
-0.11730646
-0.10551262
0.6799134
-0.38552484
0.63961875
-0.28882155
-0.51972836
-0.7535071
-0.31801903
-0.34132102
-0.16076148
0.46626344
-0.06816508
0.18339144
-0.55039036
0.5057152
0.020619776
-0.0022088762
-0.11205098
0.39915898
0.377613
0.2353208
0.14468873
0.030972632
-0.16016433
-0.105661355
0.67799675
-0.49900788
0.3733542
0.36656088
-0.1284241
0.5755707
-0.23176885
-0.41874927
-0.001165737
0.0022256828
0.26643035
0.22247542
-0.13148457
-0.0800107
0.2020865
-0.15193614
-0.001400791
0.037926704
-0.4916413
-0.22745723
-0.07365988
0.1375571
0.2576436
0.30627102
-0.23097405
0.3828518
0.2347637
0.24727826
0.150373
0.5705722
-0.22537923
-0.40011397
0.50813204
-0.297539
0.2082581
0.6735125
0.10413376
0.32874787
-0.50525355
-0.7905103
0.91035086
-0.10581849
-0.021602893
0.5453536
-0.6430547
-0.7295755
-0.011223455
-0.78550524
-0.54479337
0.26580817
-0.5683469
0.46568078
-0.8396255
0.7582663
0.5106314
0.20687188
-0.50025034
0.009307979
0.34105465
-0.53619355
-0.25651655
-0.2259664
-0.5430437
-0.7005653
0.69739443
0.02048519
0.24866512
0.19781396
0.81627053
0.39783537
-0.020866182
-0.3142176
-0.32681188
-0.58504593
-0.13166755
-0.118222356
0.17996535
0.20827231
-0.5958569
0.51991504
-0.66092277
0.5166833
0.19336273
0.099261
-0.35263032
-0.004181959
0.2083098
-0.26600507
-0.43100056
-0.07966511
0.12585221
-0.54317856
0.016467912
0.23857866
-0.27637416
0.06254591
-0.20722856
0.009702683
0.24277462
0.28371695
0.20796894
0.10933469
-0.17183281
-0.6278266
0.64781576
-0.06346194
0.5047145
-0.08882351
-0.3610908
-0.43130887
-0.29534686
-0.21013175
0.026308684
0.04679416
-0.05660989
0.037869237
-0.2678339
0.42834312
0.3511737
-0.05652303
0.054203454
0.5807322
0.26444352
0.03615795
0.22711311
0.002374134
-0.043453336
-0.5696538
0.20993638
-0.5988855
-0.17158721
-0.34431106
-0.06294026
-0.4920123
0.08140724
0.073591866
-0.16855122
0.16944799
0.19841677
-0.4787753
0.279463
-0.15217212
0.100648135
-0.207856
0.3502952
-0.1738567
-0.38157642
-0.24894153
0.48506454
-0.47480568
-0.16162126
0.51227695
0.48404223
0.18850432
-0.6436651
0.6828839
-0.40980393
-0.06202806
0.37250835
-0.5395359
0.5211353
-0.011724874
-0.07592208
-0.33582035
0.4530676
0.84396005
-0.5783097
-0.3577584
-0.34376317
-0.33077154
-0.17636667
-0.11539407
0.112248905
0.70292425
-0.6030738
0.29422948
-0.68442667
0.070726894
0.65882504
0.3977648
-0.46879235
0.04263118
0.48564908
-0.29799867
-0.2967536
-0.07328475
0.21648239
-0.6760711
0.030128289
0.25354466
-0.30785906
-0.25715667
-0.07578285
0.3532904
-0.18515481
-0.50563896
0.22311358
0.07290266
0.19942328
0.031499613
0.088721424
-0.26206088
-0.36755317
-0.1485344
0.23738691
0.3287329
0.32509497
-0.13631126
-0.24751852
0.10493881
0.30849984
0.28098246
-0.091041915
-0.24808007
-0.15023492
-0.34116715
-0.0723247
-1.1507803
0.18034565
-0.09534394
-0.88417673
-0.9074959
0.27961773
0.3329071
-0.22538936
0.6153424
-0.51984257
-0.1829765
0.04881121
-0.24528296
0.4143334
0.780407
-0.39873117
-0.015453851
-0.2778975
-0.633461
0.40499464
0.11897933
0.0837849
0.87450576
-0.22842386
0.2528984
0.22083387
0.34525916
0.3258835
-0.6070361
-0.16372825
-0.56670225
-0.16966774
-0.15995808
-0.0038932883
-0.12182155
-0.07611487
-0.23125719
0.5780891
0.4485101
-0.5001107
0.33446094
0.66611093
0.6235887
0.23956966
0.3378124
-0.0986392
-0.5198421
0.41611427
-0.35323778
0.18161465
0.50010157
-0.074456885
-0.64668626
-0.0907177
-0.6235354
-0.14128587
0.06152019
-0.47198024
0.25638545
-0.5995975
0.5298909
0.25253952
0.09105443
-0.116355
0.39434737
0.24818297
-0.032096878
0.29248768
0.01651767
-0.12868056
-0.5801936
0.74435556
-0.4246411
0.6771606
-0.12585686
-0.17161667
0.26990986
-0.23479705
-0.64031714
0.33790138
-0.2931339
0.2898581
-0.04783582
-0.51182353
-0.46267188
-0.49881446
-0.07227888
-0.117749274
0.37438926
-0.5131195
0.13325366
-0.43136767
0.47147134
-0.009164845
-9.188872e-5
0.24333934
0.7602322
-0.19323333
0.46834648
0.23001184
0.6992756
-0.50325
-0.2793329
0.019523604
-0.14095281
-0.27034456
-0.5081448
0.033286326
-0.22368608
0.63412696
0.285866
-0.33849
0.07013159
-0.17263223
-0.28160113
0.6353526
0.25402296
0.23564233
0.20866123
0.30536902
-0.3782025
-0.110142164
-0.13959548
0.6330815
-0.24196185
-0.060600612
0.11573751
0.0057709166
-0.08610829
0.105127454
0.075679705
-0.5902613
-0.52443665
0.6323054
0.19923553
-0.40604818
0.65525573
-0.35686916
0.15631154
-0.10902413
-0.201175
0.24304895
0.55670774
-0.56855595
0.11580046
-0.52153116
-0.80314547
0.38391232
0.31268954
0.36418352
-0.37339163
0.42723724
-0.06655527
-0.13866536
0.07467891
0.1592364
-0.15229325
-0.38104743
0.060498953
0.112567164
-0.6314454
0.162695
0.33862105
-0.32227468
-0.29281074
0.028050655
0.2364541
-0.42302197
0.42708144
0.23553054
-0.43948895
-0.4414102
0.10545679
-0.21751231
-0.3158365
0.02398705
0.30412903
0.16273345
-0.41225943
-0.24050821
-0.12424626
0.21883282
-0.2868231
0.47237423
-0.6842722
-0.18989626
-0.27780256
-0.35003293
0.15345934
-0.09726283
0.142402
0.6255678
0.47010675
-0.42833227
0.46423447
0.0156235555
0.8236155
-0.13249986
-0.52886516
0.1260519
-0.11948144
0.16893299
0.4473871
-0.0021676011
0.027402963
-0.54228234
-0.33413926
0.34706828
-0.21800767
0.5216404
0.25457644
-0.38526094
-0.3868183
0.038252216
0.21539083
-0.31142837
-0.0561069
-0.05590542
-0.07499716
-0.26904178
0.48513198
0.17351764
0.05207788
0.11177628
0.7346298
0.34594512
-0.0026446348
0.20573108
0.5041157
-0.12148656
-0.29135188
0.21080984
-0.038113233
0.08468116
-0.18296358
0.3659034
0.514039
-0.11228445
0.35786065
0.03632831
-0.6863105
-0.34014174
0.30857328
-0.10058668
0.26101282
-0.17828494
0.34362677
-0.15095818
0.10685387
0.40219584
0.33460754
-0.1864686
-0.17458226
0.45849752
-0.1817935
-0.13226251
0.0976607
0.6507971
-0.26577985
0.21102256
0.08407252
-0.42485464
-0.16079025
-0.16819324
0.35897422
-0.50431466
-0.46565935
0.23874134
0.17357123
0.34129784
0.11659573
-0.18403491
0.012566054
-0.50620246
-0.7984814
0.19043763
0.39327303
-0.11541319
0.25788388
0.18256177
-0.2629108
0.5308462
-0.034322582
0.20423688
-0.3766512
0.16835232
-0.16337082
0.16438566
-0.4691312
0.1340354
-0.44515318
-0.7570415
-0.80123734
-0.005415028
0.12564093
-0.1913556
0.030572578
0.20932916
0.059902612
0.2606086
-0.03301033
-0.3641309
-0.2746206
0.24805398
0.1643746
0.55339223
0.059184853
-0.33309877
-0.304071
-0.12181068
0.14335816
0.0688271
0.2163804
-0.24912912
0.20749727
-0.21086065
0.21254282
0.0035076167
0.10581007
0.010371528
0.566849
0.0435307
0.0922513
0.10104451
0.20736471
-0.5158163
-0.46746802
0.17838866
-0.7446082
0.047365833
-0.0033821457
0.3066958
0.38814363
-0.08771328
-0.1120496
0.46368155
-0.01438538
0.22502555
0.57278764
-0.12706499
-0.62279606
-0.04773073
-0.2404438
-0.42062736
0.2818987
0.009923048
0.16579263
-0.18997917
0.1882781
0.22908401
-0.19891313
-0.6076117
-0.1294901
0.2827747
-0.47241038
0.2112628
0.07266184
-0.29944962
-0.10380677
-0.40217996
-0.2530603
0.09081993
0.7083779
-0.026332697
0.08505505
-0.44448724
-0.4999066
0.37837365
-0.090430215
0.3698565
0.07543451
-0.409248
-0.59311426
-0.0136940675
-0.65633804
0.26207596
0.046067327
0.0049066003
0.15063389
-0.6024121
0.5619284
0.14684533
-0.08995427
-0.19004335
0.2418205
-0.08374419
-0.1322008
-0.07014119
-0.18812138
-0.21466985
-0.20112678
0.20776467
-0.6450464
0.046989232
0.14438774
0.5186325
0.6272062
-0.34441304
0.32223493
-0.3752301
-0.113550276
-0.008703222
-0.09837523
0.19049989
0.30711588
-0.5294836
0.19462785
-0.67499113
0.2253047
0.4001818
0.49682876
-0.37018427
0.10901324
0.42888513
-0.31940585
-0.5406639
0.1439656
0.14220244
-0.11756103
-0.0018921047
0.2607973
-0.15618333
0.3999829
-0.07582144
0.1614948
0.20729597
0.44174457
0.51957315
-0.0008684933
-0.46762654
0.070415154
1.1644354
-0.6812747
0.44903514
-0.12671427
-0.31073812
-0.6646366
-0.14098358
-0.2742235
-0.14388286
0.1878341
0.3514914
-0.10009964
-0.28445685
0.56955135
0.73676986
-0.2804632
-0.33723107
0.12277546
0.3476847
-0.46930486
-0.043737188
-0.19527535
-0.5729319
-0.3743864
0.36307263
-0.85936594
0.16165695
-0.31331167
-0.16281907
-0.24673772
0.103069626
0.26728472
0.1199588
0.2359305
0.5098018
-0.4330497
0.3836672
0.24179293
0.55226564
-0.092252105
0.40743947
-0.13686633
-0.17183022
-0.34347495
0.0473853
-0.17061852
-0.33618838
0.3361371
0.4996426
0.08547841
-0.53600085
0.19927503
0.006126667
-0.17743394
0.3064621
-0.08292196
0.57604134
0.05858406
0.07896479
-0.46925968
-0.20978026
-0.2497421
0.11903406
-0.4254958
0.16761808
0.80343527
0.28529736
0.45285493
-0.18110485
0.07030735
-0.04200245
-0.62776166
0.67194957
-0.4445077
-0.5637109
-0.2123841
0.17118321
-0.23322487
-0.2625802
0.37258124
0.25270164
-0.25405487
-0.42878944
0.60872436
0.017874185
-0.27224445
-0.004146568
-0.034758206
0.04216311
0.122194245
-0.15187709
-0.528426
-0.45900875
-0.24642435
0.025110092
-0.21797764
-0.27890962
0.65782934
0.32627654
-0.10687536
0.1492996
0.12664051
0.3046216
-0.042132247
0.492404
-0.045418333
-0.45033503
-0.19428405
0.03593175
-0.33668232
-0.31674567
0.46118692
0.2537491
0.03495326
-0.1887884
0.18963963
0.03592788
-0.06267156
0.318424
0.028828217
0.33522427
0.21639863
-0.04794617
-0.086980045
-0.2073872
-0.11491665
-0.13701631
0.25926453
0.08343643
0.63175046
-0.07358753
0.32554698
0.1037989
-0.04853601
-0.111845024
-0.60031074
0.5712897
-0.28991798
-0.35217175
-0.20129324
0.48437265
-0.2279126
-0.22299188
0.7657109
0.2362267
-0.08491296
-0.24728888
0.0010115665
0.03160161
-0.2743401
0.28113395
0.38695467
0.24826567
-0.14782134
0.27258393
-0.122765094
0.15475011
0.67925084
-0.42883727
-0.12741818
0.26948714
-0.39418647
0.08869313
0.14587145
-0.47671908
0.039966606
-0.31154048
0.67047596
-0.33256572
0.34228575
0.3927758
0.500444
-0.3990529
0.37962925
0.43894318
-0.1926048
-0.041381676
0.16487801
0.1650449
-0.5853966
0.026231451
0.5023035
-0.25237465
-0.008254155
-0.1854048
0.043653
0.5790306
0.49844572
0.1804525
-0.12790789
-0.12160667
-0.25648892
0.4510633
0.009023595
0.37941742
-0.07528504
-0.37244576
-0.45770642
-0.13762617
0.18356319
-0.46451807
-0.043528594
0.11709335
0.27856296
-0.25578567
0.29979748
0.09866114
0.21724455
0.11976817
0.5186107
-0.0689463
0.2971158
0.63082224
-0.0025420764
-0.20000789
-0.49979413
0.13077988
-0.57567555
0.19614129
0.35382158
0.40842548
0.24391697
0.2640489
0.016060092
-0.07917646
-0.6316219
-0.009368013
-0.38514957
-0.07324542
-0.41136277
-0.58517414
0.21069919
-0.61859643
0.14634307
0.28937513
0.5868005
-0.45716962
0.26002383
0.33977363
-0.6811714
-0.32079256
0.33963504
0.44000077
-0.4334101
0.06736515
0.13076964
-0.37941197
-0.14901432
-0.22853407
0.0460856
-0.4831944
-0.35731915
-0.25242338
-0.20875439
0.2925021
0.48477346
-0.43453556
0.1501838
-0.21964276
-0.37342438
0.3424809
0.15122797
0.064788625
0.26738596
0.11116185
-0.21520051
0.26121542
-0.06604845
0.1321255
-0.41630474
-0.20542704
-0.028915202
0.10395424
-0.29941884
-0.0800214
-0.004869189
-0.30067593
-0.32161608
0.13731292
0.20165507
-0.13661222
0.47484657
0.12737964
-0.23421857
-0.2899915
0.44578844
0.4828157
-0.53488815
-0.51923734
0.038117174
-0.39492145
-0.46415147
-0.02626106
-0.10787817
0.121989325
0.00902379
0.74937487
-0.29378498
-0.19166063
1.0471578
-0.3385043
-0.01675061
-1.3086075
0.7760788
-0.8580558
-0.13842702
0.031889413
0.12479765
-0.43467316
0.17299995
-0.30084726
-1.0627587
-0.33830872
0.08460277
0.41012368
-0.7391716
-0.114951804
0.3643651
0.22340037
0.0031960194
0.92805505
0.14225675
-0.26929697
1.3816667
0.604617
-0.9282087
0.29394394
0.00010671755
0.111897185
-0.09253369
-0.9659033
-0.26203698
0.87011117
-0.43264875
0.1388353
0.18809904
-0.118490174
-0.3508032
0.6412211
0.10203891
0.3453824
-1.0119411
-0.7941879
0.1115162
-1.1916007
-0.058012895
-0.34840015
-0.5954501
-0.2769187
-0.09157434
0.24472424
0.4891805
0.34304485
0.09171187
-0.6691282
0.17083724
-0.067668065
-0.20448732
-0.098716564
0.41597047
0.5699636
-0.033844214
0.34608215
0.2863588
-0.14203084
-0.52348894
0.025943806
-0.0831735
0.23278785
-0.09145265
0.1459618
0.18669774
-0.0776059
-0.023352278
-0.43251693
-1.4110681
0.51712596
0.5715669
-0.5945199
0.1318148
0.30721822
